Vernier Format 2
Sin título.cmbl 8/09/2026 13:40:46 .
Último
Tiempo	Posición	Velocidad 1	Aceleración 1	Angulo	Velocidad 2	Aceleración 2
t	x	v 1	a 1	Angulo	v 2	a 2
s	m	m/s	m/s²	rad	rad/s	rad/s²

0.05	0.6367795	0.00343	0.629690833333	-0.10471975512	-0.504206228353	2.26569593638
0.1	0.6312915	0.08103375	-0.399039212963	-0.13962634016	-0.324825166343	-0.334521439972
0.15	0.654101	0.00868933333333	-1.35639032407	-0.13962634016	-0.285070444492	-5.01782159949
0.2	0.637294	-0.14406	-0.829567731481	-0.13962634016	-0.736916795287	-10.7030700333
0.25	0.628719	-0.113666388889	0.446847484568	-0.191986217719	-1.59988514766	-11.674852123
0.3	0.624946	-0.0502113888889	0.935140802469	-0.314159265359	-2.20105411224	-6.6721136158
0.35	0.624946	0.005145	0.853953549383	-0.436332312999	-2.30771312208	-0.479426862431
0.4	0.625289	0.0513547222222	0.407153703704	-0.558505360638	-2.09439510239	2.78498525704
0.45	0.6336925	0.0363961111111	0.150538888889	-0.645771823238	-1.85198826184	2.32710566933
0.5	0.6285475	0.0287738888889	0.533237962963	-0.733038285838	-1.80350689373	0.38246412621
0.55	0.6316345	0.100994444444	0.745972067901	-0.820304748437	-1.8810770827	-0.511747774505
0.6	0.641067	0.136437777778	0.408477006173	-0.925024503557	-1.91016590357	-0.231633203197
0.65	0.647927	0.128339166667	0.242481944444	-1.01229096616	-1.91016590357	0.37169048885
0.7	0.6517	0.149300277778	0.254127006173	-1.11701072128	-1.88107708271	1.14739237862
0.75	0.6631905	0.163973055556	0.128519135802	-1.20427718388	-1.77441807286	1.46521468069
0.8	0.669193	0.160543055556	0.0383228395062	-1.29154364648	-1.71624043113	1.28744966428
0.85	0.6786255	0.165402222222	0.00105864197532	-1.37881010908	-1.61927769491	0.495587318469
0.9	0.686686	0.155398055556	0.0721464506173	-1.44862327916	-1.62897396853	-0.931919631465
0.95	0.6930315	0.166164444444	0.252168518519	-1.53588974175	-1.74532925199	-1.66452697181
1	0.702464	0.190936666667	0.257567592593	-1.62315620435	-1.86168453546	-1.19048692806
1.05	0.71344	0.195795833333	0.186268055556	-1.72787595947	-1.88107708271	-0.393237763568
1.1	0.7218435	0.203418055556	0.190132098765	-1.81514242207	-1.83259571459	-0.743380977701
1.15	0.7331625	0.218281388889	0.133124228395	-1.90240888467	-1.92955845082	-1.57833787294
1.2	0.74431	0.221997222222	0.00386404320987	-2.00712863979	-2.04591373428	-1.56217741691
1.25	0.7561435	0.212850555556	-0.0221256172839	-2.11184839491	-2.09439510239	-1.40057285654
1.3	0.7650615	0.212183611111	0.0801391975309	-2.21656815003	-2.1428764705	-1.91770744972
1.35	0.776552	0.225331944444	0.101682561728	-2.32128790515	-2.27862430121	-2.51564432309
1.4	0.7880425	0.230762777778	-0.041287037037	-2.44346095279	-2.43376467917	-2.28401111989
1.45	0.800219	0.223902777778	-0.262225617284	-2.56563400043	-2.55981623626	-0.921145994108
1.5	0.810852	0.204656666667	-0.492797839506	-2.70526034059	-2.55981623626	1.19048692806
1.55	0.821142	0.173977222222	-0.68340632716	-2.82743338823	-2.42406840555	2.97352391081
1.6	0.829031	0.129196666667	-0.713842283951	-2.94960643587	-2.2301429331	3.90005672359
1.65	0.8336615	0.0923241666667	-0.539748611111	-3.05432619099	-1.9683435453	3.25363848211
1.7	0.837263	0.0745072222222	-0.336383487654	-3.14159265359	-1.82289944097	0.894211900712
1.75	0.8408645	0.0643125	-0.234489197531	-3.22885911619	-1.85198826184	-1.86922608161
1.8	0.84378	0.0543083333333	-0.216492283951	-3.31612557879	-2.08469882877	-3.03816573495
1.85	0.846181	0.0452569444444	-0.265877932099	-3.43829862643	-2.29801684846	-1.47060149936
1.9	0.848582	0.0301077777778	-0.359620679012	-3.56047167407	-2.24953548035	0.565615961296
1.95	0.849611	0.00733638888889	-0.41758132716	-3.66519142919	-2.1428764705	0.829570076565
2	0.849268	-0.0153397222222	-0.413240895062	-3.76991118431	-2.11378764964	-0.134670466976
2.05	0.8477245	-0.0327755555556	-0.431502469136	-3.87463093943	-2.1428764705	-1.56217741691
2.1	0.846181	-0.0542130555556	-0.528050617284	-3.97935069455	-2.27862430121	-2.84962708119
2.15	0.842751	-0.0846066666667	-0.647941820988	-4.10152374219	-2.45315722641	-3.53375305342
2.2	0.837949	-0.1209075	-0.732844907407	-4.22369678983	-2.64708269886	-3.69535761379
2.25	0.830746	-0.159971388889	-0.765662808642	-4.36332312999	-2.87979326579	-2.66108842742
2.3	0.8219995	-0.1997975	-0.73443287037	-4.52040276267	-2.94766718115	-0.840343713923
2.35	0.8106805	-0.236860555556	-0.6174	-4.66002910282	-2.94766718115	0.791862345814
2.4	0.7979895	-0.265634444444	-0.405354012346	-4.8171087355	-2.87979326579	2.44022886158
2.45	0.7835835	-0.2804025	-0.137729320988	-4.95673507566	-2.65677897248	3.03277891627
2.5	0.7691775	-0.278401666667	0.090725617284	-5.0789081233	-2.50163859453	2.21398247707
2.55	0.754943	-0.261918611111	0.141963888889	-5.20108117094	-2.44346095279	1.40595967522
2.6	0.7437955	-0.257631111111	0.0773337962963	-5.32325421858	-2.4046758583	1.30361012032
2.65	0.729904	-0.263919444444	0.168377006173	-5.44542726622	-2.30771312208	1.23896829617
2.7	0.7160125	-0.246483611111	0.347816820988	-5.55014702134	-2.26892802759	1.02888236769
2.75	0.7046935	-0.218948333333	0.351627932099	-5.67232006898	-2.2301429331	1.19048692806
2.8	0.694918	-0.204561388889	0.234224537037	-5.7770398241	-2.13318019688	1.03426918637
2.85	0.6847995	-0.1997975	0.179757407407	-5.88175957922	-2.10409137602	0.48481368111
2.9	0.6748525	-0.194366666667	0.251903858025	-5.98647933434	-2.09439510239	0.0430945494304
2.95	0.6642195	-0.171023611111	0.277205401235	-6.09119908946	-2.10409137602	-0.253180477914
3	0.6583885	-0.158446944444	0.201565432099	-6.19591884458	-2.12348392326	-0.323209120739
3.05	0.649642	-0.162829722222	0.350833950617	-6.3006385997	-2.18166156499	0.404011400926
3.1	0.640724	-0.1397725	0.754123611111	-6.42281164734	-2.09439510239	1.38979921918
3.15	0.633178	-0.0745072222222	0.902333487654	-6.51007810994	-1.98773609255	1.49214877408
3.2	0.633864	-0.0204847222222	0.540277932099	-6.61479786506	-1.97803981893	1.93925472444
3.25	0.6343785	-0.0223902777778	0.204847222222	-6.71951762018	-1.78411434648	1.93925472444
3.3	0.631806	-0.029155	0.372271450617	-6.78933079026	-1.67745533664	-0.0107736373591
3.35	0.628719	0.00876555555556	0.686370524691	-6.87659725286	-1.77441807286	-2.17627474631
3.4	0.6323205	0.0571666666667	0.744119444444	-6.96386371546	-1.94895099806	-3.29673303154
3.45	0.636265	0.0822247222222	0.777625462963	-7.06858347058	-2.18166156499	-2.84424026251
3.5	0.639352	0.124242222222	0.925729475309	-7.19075651822	-2.25923175397	-1.75071607067
3.55	0.6467265	0.195700555556	0.709184259259	-7.29547627334	-2.30771312208	-1.3844124005
3.6	0.6625045	0.206085833333	0.299966203704	-7.41764932098	-2.4046758583	-0.90498553807
3.65	0.6676495	0.207038611111	0.197595524691	-7.53982236862	-2.42406840555	-0.0969627362219
3.7	0.6820555	0.222664166667	0.187697222222	-7.66199541626	-2.4046758583	0.355530032812
3.75	0.690802	0.224855555556	0.248569135802	-7.78416846389	-2.32710566933	-0.479426862432
3.8	0.703836	0.243244166667	0.389421450617	-7.88888821901	-2.37558703744	-2.74727752629
3.85	0.715155	0.261728055556	0.54752962963	-8.01106126665	-2.62769015161	-4.50876723432
3.9	0.7287035	0.304221944444	0.565367746914	-8.15068760681	-2.91857836028	-4.4118044981
3.95	0.746368	0.331471388889	0.298695833333	-8.30776723949	-3.12220010635	-2.8981084493
4	0.7626605	0.33957	-0.118832561728	-8.46484687217	-3.24825166343	-0.296275027345
4.05	0.781011	0.32585	-0.651223611111	-8.63937979737	-3.19977029532	3.16744938325
4.1	0.7973035	0.270398333333	-1.06202962963	-8.79645943005	-2.90888208666	5.98475555237
4.15	0.808794	0.199892777778	-1.06891080247	-8.93608577021	-2.4919423209	6.51266378291
4.2	0.8161685	0.149300277778	-0.773337962963	-9.04080552533	-2.16226901775	4.98819409675
4.25	0.822514	0.124242222222	-0.480835185185	-9.14552528045	-1.97803981893	3.03816573495
4.3	0.8281735	0.110236388889	-0.359461882716	-9.23279174305	-1.91016590357	1.99312291123
4.35	0.8336615	0.0951825	-0.377776388889	-9.33751149817	-1.84229198822	2.0523779167
4.4	0.838292	0.0706008333333	-0.371689197531	-9.42477796077	-1.65806278939	1.30899693899
4.45	0.8405215	0.0504972222222	-0.239358950617	-9.49459113085	-1.63867024215	-0.711060065629
4.5	0.842408	0.0472577777778	-0.122590740741	-9.58185759345	-1.75502552562	-2.32710566933
4.55	0.845152	0.046305	-0.15604382716	-9.66912405605	-1.91986217719	-2.95197663609
4.6	0.847553	0.0361102777778	-0.281598765432	-9.77384381117	-2.08469882877	-2.69340933949
4.65	0.849268	0.0157208333333	-0.373594753086	-9.87856356629	-2.22044665948	-1.75071607067
4.7	0.8490965	-0.00562138888889	-0.387198302469	-10.0007366139	-2.25923175397	-0.824183257888
4.75	0.8484105	-0.0224855555556	-0.405301080247	-10.105456369	-2.26892802759	-0.641031422802
4.8	0.8470385	-0.0432561111111	-0.474536265432	-10.2276294167	-2.28832057484	-1.21203420277
4.85	0.8442945	-0.0686952777778	-0.566479320988	-10.3323491718	-2.35619449019	-2.29478475725
4.9	0.8405215	-0.101470833333	-0.623169598765	-10.4545222194	-2.56951250988	-2.30017157593
4.95	0.834176	-0.135008611111	-0.592468981481	-10.5941485596	-2.68586779335	-0.468653225072
5	0.8268015	-0.1637825	-0.488510339506	-10.7337748998	-2.60829760437	1.34670466975
5.05	0.8175405	-0.185791666667	-0.339188888889	-10.8559479474	-2.48224604728	1.99312291123
5.1	0.807765	-0.197606111111	-0.191190740741	-10.978120995	-2.4046758583	2.39174749347
5.15	0.797475	-0.202560555556	-0.0843737654321	-11.1002940427	-2.25923175397	2.91965572401
5.2	0.787528	-0.2049425	-0.00788688271605	-11.2050137978	-2.09439510239	3.03277891627
5.25	0.776895	-0.204751944444	0.0638361111111	-11.3097335529	-1.92955845082	2.52103114177
5.3	0.766262	-0.192746944444	0.0205905864198	-11.3970000155	-1.80350689373	1.22819465881
5.35	0.758373	-0.194843055556	-0.145033950617	-11.4842664781	-1.79381062011	-0.253180477913
5.4	0.7479115	-0.215613611111	-0.149427314815	-11.5715329407	-1.88107708271	-0.737994159022
5.45	0.736078	-0.222664166667	0.0751635802469	-11.6762526958	-1.91016590357	-0.32320912074
5.5	0.724416	-0.206466944444	0.258467438272	-11.7635191584	-1.91016590357	0.102349554901
5.55	0.7149835	-0.182171111111	0.150115432099	-11.8682389136	-1.89077335633	0.258567296591
5.6	0.7070945	-0.177788333333	-0.21178132716	-11.9555053762	-1.83259571459	-0.565615961294
5.65	0.699034	-0.207515	-0.469084259259	-12.0427718388	-1.92955845082	-1.75610288935
5.7	0.687029	-0.248960833333	-0.254285802469	-12.1474915939	-2.0556100079	-2.20859565839
5.75	0.6717655	-0.248293888889	0.314840123457	-12.252211349	-2.1428764705	-2.64492797139
5.8	0.6611325	-0.211897777778	0.772649845679	-12.3569311041	-2.30771312208	-2.99507118552
5.85	0.6501565	-0.170547222222	1.13724614198	-12.4791041518	-2.52103114177	-1.8207447135
5.9	0.6398665	-0.0555469444444	0.738773302469	-12.6187304919	-2.55011996264	0.490200499789
5.95	0.6535865	-0.0967069444444	0.318915895062	-12.7409035396	-2.43376467917	2.13856701556
6	0.625975	-0.0638361111111	0.547264969136	-12.8630765872	-2.27862430121	2.61799387799
6.05	0.6463835	-0.0272494444444	0.521116512346	-12.9677963423	-2.13318019688	2.16550110895
6.1	0.6234025	0.00686	0.239200154321	-13.0725160974	-2.06530628153	1.55679059823
6.15	0.6494705	0.00219138888889	-0.116874074074	-13.1772358526	-1.9683435453	0.75954143374
6.2	0.626318	-0.0504972222222	0.348610802469	-13.2645023152	-1.9683435453	-0.263954115269
6.25	0.6371225	0.0288691666667	0.985648611111	-13.3692220703	-2.04591373428	-0.339369576776
6.3	0.631463	0.0736497222222	1.16773503086	-13.4739418254	-2.04591373428	0.301661846023
6.35	0.642439	0.159780833333	1.02799429012	-13.5786615805	-1.9683435453	0.118510010936
6.4	0.6501565	0.190936666667	0.580135802469	-13.6659280431	-1.97803981893	-1.04504282373
6.45	0.662676	0.201607777778	0.399002160494	-13.7706477982	-2.09439510239	-1.86383926293
6.5	0.6690215	0.226094166667	0.319762808642	-13.8753675534	-2.22044665948	-1.71300833992
6.55	0.686	0.239337777778	0.192725771605	-13.997540601	-2.26892802759	-1.47060149936
6.6	0.693889	0.236765277778	0.228031481481	-14.1022603561	-2.3174093957	-2.11701974084
6.65	0.708295	0.258298055556	0.338977160494	-14.2244334038	-2.46285350004	-3.07587346571
6.7	0.7203	0.271732222222	0.422556944444	-14.3466064514	-2.64708269886	-3.56068714682
6.75	0.734363	0.304507777778	0.400537191358	-14.4862327916	-2.87979326579	-2.88733481194
6.8	0.75117	0.326040555556	0.103641049383	-14.6433124242	-2.95736345477	-1.71300833992
6.85	0.768663	0.316226944444	-0.240470524691	-14.7829387644	-3.00584482288	-1.1527791973
6.9	0.783069	0.295170555556	-0.480358796296	-14.9400183971	-3.09311128548	-0.140057285653
6.95	0.798161	0.269064444444	-0.707808024691	-15.0970980298	-3.07371873823	1.81535789482
7	0.8110235	0.223045277778	-0.876026234568	-15.2541776624	-2.91857836028	3.96469854774
7.05	0.8206275	0.173310277778	-0.874808796296	-15.3938040026	-2.63738642524	5.34911094824
7.1	0.828002	0.129863611111	-0.744966358025	-15.5159770502	-2.36589076381	6.0009160084
7.15	0.833147	0.0970880555556	-0.563462191358	-15.6381500979	-1.97803981893	5.16057229448
7.2	0.837263	0.0750788888889	-0.406359722222	-15.7079632679	-1.72593670475	1.9230942684
7.25	0.8405215	0.0580241666667	-0.289697376543	-15.7952297305	-1.78411434648	-1.35747830711
7.3	0.842751	0.0477341666667	-0.222473611111	-15.8824961931	-1.94895099806	-2.88194799326
7.35	0.845152	0.0398261111111	-0.242481944444	-15.9872159483	-2.17196529137	-2.37020021876
7.4	0.8470385	0.0262966666667	-0.323468055556	-16.1093889959	-2.22044665948	-1.16355283466
7.45	0.8480675	0.00676472222222	-0.403077932099	-16.214108751	-2.19135783862	-1.63220605974
7.5	0.8477245	-0.0146727777778	-0.476018364198	-16.3188285061	-2.32710566933	-3.09203392174
7.55	0.8466955	-0.039445	-0.569655246914	-16.4410015538	-2.56951250988	-3.37753531173
7.6	0.844123	-0.0712677777778	-0.662815740741	-16.5806278939	-2.73434916146	-2.3594265814
7.65	0.8398355	-0.108426111111	-0.703520524691	-16.7202542341	-2.79252680319	-1.38979921918
7.7	0.833147	-0.144155277778	-0.689916975309	-16.8598805743	-2.83131189768	-1.03426918637
7.75	0.825258	-0.177026111111	-0.663450925926	-16.9995069144	-2.91857836028	-0.269340933948
7.8	0.815654	-0.212278888889	-0.580823919753	-17.1565865471	-2.90888208666	1.41673331258
7.85	0.8038205	-0.240862222222	-0.377352932099	-17.2962128873	-2.77313425595	3.06509982835
7.9	0.790958	-0.255058611111	-0.0803509259259	-17.4358392274	-2.5792087835	4.17478447622
7.95	0.777238	-0.246674166667	0.163613117284	-17.5580122751	-2.30771312208	4.17478447622
8	0.765919	-0.229428888889	0.213316358025	-17.6627320302	-2.11378764964	3.05971300967
8.05	0.7546	-0.217900277778	0.10162962963	-17.7674517853	-1.97803981893	1.37902558182
8.1	0.744653	-0.217328611111	-0.0552081790123	-17.8547182479	-1.9683435453	-0.447105950355
8.15	0.7335055	-0.229047777778	-0.110522222222	-17.959438003	-2.06530628153	-1.47598831804
8.2	0.721329	-0.233906944444	-0.0675413580247	-18.0641577581	-2.13318019688	-2.06315155406
8.25	0.709667	-0.232287222222	-0.0836856481482	-18.1688775133	-2.26892802759	-2.59644660328
8.3	0.698348	-0.236003055556	-0.192461111111	-18.2910505609	-2.41437213193	-2.69879615818
8.35	0.687029	-0.254296388889	-0.242323148148	-18.4132236085	-2.52103114177	-2.81191935043
8.4	0.6727945	-0.273351944444	-0.0184203703704	-18.5353966562	-2.74404543508	-1.56217741691
8.45	0.6580455	-0.259060277778	0.355915432099	-18.6924762889	-2.82161562406	2.53180477913
8.5	0.6484415	-0.253629444444	0.979349691358	-18.832102629	-2.56951250988	7.6923770736
8.55	0.6282045	-0.169689722222	1.63279645062	-18.9717289692	-1.91016590357	9.63701861672
8.6	0.62769	-0.0266777777778	1.16408271605	-19.0240888467	-1.26051557088	4.94509954732
8.65	0.6343785	-0.0358244444444	0.441559567901	-19.0589954318	-1.32838948624	-1.66452697181
8.7	0.6251175	-0.0465908333333	0.689334722222	-19.1462618944	-1.65806278939	-4.22865266301
8.75	0.6244315	0.0103852777778	1.17869197531	-19.233528357	-1.89077335633	-3.74922580058
8.8	0.618429	0.180170277778	-0.0354645061728	-19.3382481121	-2.04591373428	-2.57489932856
8.85	0.661647	0.0346811111111	-1.5692779321	-19.4429678672	-2.10409137602	-2.22475611443
8.9	0.6247745	-0.157398888889	0.0231842592593	-19.5476876223	-2.19135783862	-3.26979893815
8.95	0.6247745	0.0141011111111	2.10659166667	-19.6524073775	-2.44346095279	-4.04550082792
9	0.629405	0.155683888889	2.40491697531	-19.7920337176	-2.69556406697	-2.99507118552
9.05	0.640038	0.310796111111	1.45012777778	-19.9316600578	-2.77313425595	-1.21203420277
9.1	0.6669635	0.325945277778	-0.0651594135802	-20.0712863979	-2.78283052957	0.0592550054698
9.15	0.6779395	0.243244166667	-0.438965895062	-20.2109127381	-2.7537417087	0.904985538073
9.2	0.686686	0.233049444444	0.135876697531	-20.3505390783	-2.65677897248	0.904985538071
9.25	0.6985195	0.272685	0.541336574074	-20.4727121259	-2.62769015161	0.053868186788
9.3	0.7142975	0.315941111111	0.436848611111	-20.6123384661	-2.63738642524	-1.24974193353
9.35	0.732305	0.320419166667	0.182404012346	-20.7345115137	-2.71495661421	-3.16744938325
9.4	0.7461965	0.322801111111	0.0823094135802	-20.8741378539	-2.97675600201	-4.41719131678
9.45	0.7640325	0.330709166667	-0.0651594135802	-21.0312174865	-3.25794793706	-3.49604532267
9.5	0.7798105	0.325564166667	-0.382699074074	-21.2057504117	-3.41308831501	-0.587163236009
9.55	0.797475	0.299362777778	-0.818965432099	-21.3802833369	-3.3646069469	3.28057257551
9.6	0.811538	0.236955833333	-1.10135817901	-21.5548162621	-3.05432619099	6.29180421707
9.65	0.8213135	0.171214166667	-1.01751373457	-21.6944426023	-2.5792087835	6.21100193688
9.7	0.827659	0.124623333333	-0.710031172839	-21.7991623574	-2.33680194295	4.11014265207
9.75	0.832461	0.104424444444	-0.461567901235	-21.921335405	-2.2301429331	2.768824801
9.8	0.837949	0.0898469444444	-0.41975154321	-22.0260551602	-2.09439510239	1.90154699369
9.85	0.8422365	0.0637408333333	-0.421498302469	-22.1307749153	-1.98773609255	0.177765016408
9.9	0.844123	0.0415411111111	-0.338977160494	-22.2180413779	-2.02652118704	-2.28401111989
9.95	0.8456665	0.0310605555556	-0.287156635802	-22.322761133	-2.26892802759	-3.59839487757
10	0.84721	0.0207705555556	-0.375923765432	-22.4449341806	-2.51133486815	-2.51025750441
10.05	0.848582	-0.00438277777778	-0.510477160494	-22.5845605208	-2.55981623626	-0.576389598651
10.1	0.8470385	-0.0357291666667	-0.555681172839	-22.7067335684	-2.4919423209	0.0700286428278
10.15	0.8446375	-0.0621211111111	-0.555416512346	-22.8289066161	-2.4919423209	-0.436332312999
10.2	0.8408645	-0.0892752777778	-0.580188734568	-22.9510796637	-2.56951250988	-0.576389598653
10.25	0.835891	-0.119383055556	-0.619146759259	-23.0907060039	-2.5792087835	-0.355530032814
10.3	0.829031	-0.152063333333	-0.645877469136	-23.2128790515	-2.54042368901	-1.16355283466
10.35	0.8206275	-0.1843625	-0.660592592593	-23.3350520992	-2.6664752461	-2.30555839461
10.4	0.8106805	-0.218376666667	-0.655934567901	-23.4746784393	-2.87009699217	-1.63220605974
10.45	0.798847	-0.252581388889	-0.583311728395	-23.631758072	-2.89918581304	0.339369576777
10.5	0.7852985	-0.281926944444	-0.401807561728	-23.7713844122	-2.79252680319	1.59449832898
10.55	0.770035	-0.296504444444	-0.164830555556	-23.9110107523	-2.6664752461	1.43289376861
10.6	0.7546	-0.293646111111	-0.0101100308642	-24.0331838	-2.62769015161	0.684125972233
10.65	0.7407085	-0.286500277778	-0.0460509259259	-24.1728101401	-2.61799387799	0.193925472444
10.7	0.7276745	-0.3078425	0.0554728395062	-24.2949831878	-2.61799387799	-0.102349554903
10.75	0.7070945	-0.283070277778	0.212628240741	-24.4346095279	-2.62769015161	-0.27472775263
10.8	0.700749	-0.277353611111	0.246981172839	-24.5567825756	-2.64708269886	-0.258567296593
10.85	0.6799975	-0.276400833333	0.563568055556	-24.6964089157	-2.70526034059	0.759541433739
10.9	0.669536	-0.215613611111	0.749571450617	-24.8360352559	-2.59860133075	2.34865294404
10.95	0.6597605	-0.178645833333	0.552134722222	-24.9582083035	-2.44346095279	3.60378169625
11	0.653072	-0.162353333333	0.382328549383	-25.0803813512	-2.23983920673	4.71346634412
11.05	0.644154	-0.1586375	0.507301234568	-25.1851011063	-1.97803981893	5.31679003617
11.1	0.634893	-0.116143611111	0.716118364198	-25.2898208614	-1.57079632679	3.22670438872
11.15	0.632149	-0.0666944444444	0.586381790123	-25.3247274464	-1.49322613782	-1.58372469163
11.2	0.630434	-0.0542130555556	0.402548611111	-25.411993909	-1.90046962995	-3.42062986116
11.25	0.626661	-0.0415411111111	0.488880864198	-25.5341669567	-2.01682491342	-1.9500283618
11.3	0.625632	-0.0155302777778	0.766350925926	-25.6214334193	-2.00712863979	-1.58372469162
11.35	0.6237455	0.03773	0.970086574074	-25.7261531744	-2.11378764964	-2.18704838367
11.4	0.6285475	0.102423611111	0.785300617284	-25.8308729295	-2.25923175397	-2.34865294404
11.45	0.6360935	0.129387222222	0.388256944444	-25.9530459772	-2.39497958468	-1.62681924106
11.5	0.643811	0.117572777778	0.404824691358	-26.0752190248	-2.43376467917	-0.549455505258
11.55	0.6453545	0.147775833333	0.797475	-26.1973920724	-2.43376467917	0.242406840553
11.6	0.6563305	0.216852222222	0.847178240741	-26.3195651201	-2.4046758583	0.764928252416
11.65	0.6686785	0.257631111111	0.435895833333	-26.4417381677	-2.3174093957	0.441719131677
11.7	0.6841135	0.259631944444	0.0136564814815	-26.5464579228	-2.3174093957	-0.716446884306
11.75	0.695604	0.239433055556	-0.0434043209877	-26.6686309705	-2.41437213193	-1.51908286748
11.8	0.7067515	0.242196111111	0.176475617284	-26.7908040181	-2.48224604728	-2.0254438233
11.85	0.7190995	0.260108333333	0.360414660494	-26.9129770658	-2.61799387799	-2.37020021876
11.9	0.732305	0.288215277778	0.344323302469	-27.0526034059	-2.7537417087	-2.02005700462
11.95	0.7485975	0.303459722222	0.123014197531	-27.1922297461	-2.82161562406	-1.47598831805
12	0.7633465	0.302125833333	-0.163295524691	-27.3318560862	-2.91857836028	-0.479426862431
12.05	0.7791245	0.289263333333	-0.48618132716	-27.4889357189	-2.90888208666	1.23896829617
12.1	0.7935305	0.250961666667	-0.739461419753	-27.6285620591	-2.78283052957	2.81730616912
12.15	0.8045065	0.205704722222	-0.802397685185	-27.7681883992	-2.60829760437	4.10475583339
12.2	0.813596	0.166831388889	-0.763069135802	-27.8903614469	-2.38528331106	5.42452640975
12.25	0.821142	0.13034	-0.699338888889	-28.0125344945	-2.0556100079	6.25409648631
12.3	0.826973	0.0917525	-0.534931790123	-28.0998009571	-1.66775906302	5.22521411863
12.35	0.829374	0.0716488888889	-0.289750308642	-28.1696141272	-1.46413731695	2.76882480101
12.4	0.833147	0.0700291666667	-0.174622993827	-28.2394272973	-1.41565594884	0.635644604122
12.45	0.83692	0.0614541666667	-0.19378441358	-28.3092404673	-1.43504849608	-0.770315071098
12.5	0.839664	0.0474483333333	-0.176581481481	-28.3790536374	-1.53201123231	-1.36286512579
12.55	0.8412075	0.0406836111111	-0.116291820988	-28.4663201	-1.58049260042	-1.72378197728
12.6	0.843437	0.0390638888889	-0.11618595679	-28.5361332701	-1.65806278939	-2.74727752629
12.65	0.8453235	0.0336330555556	-0.205694135802	-28.6233997327	-1.8810770827	-3.26979893815
12.7	0.84721	0.0196272222222	-0.324685493827	-28.7281194878	-2.04591373428	-2.73650388893
12.75	0.847553	-0.000762222222222	-0.409800308642	-28.8328392429	-2.13318019688	-2.44561568026
12.8	0.84721	-0.0235336111111	-0.451934259259	-28.9375589981	-2.26892802759	-2.48871022969
12.85	0.845152	-0.0464002777778	-0.482529012346	-29.0597320457	-2.4046758583	-2.22475611442
12.9	0.8425795	-0.0700291666667	-0.543083333333	-29.1819050933	-2.48224604728	-2.03621746066
12.95	0.8384635	-0.100136944444	-0.613218364198	-29.304078141	-2.60829760437	-1.75610288935
13	0.8326325	-0.132340833333	-0.659163425926	-29.4437044811	-2.70526034059	-0.732607340344
13.05	0.8254295	-0.168260555556	-0.653711419753	-29.5833308213	-2.65677897248	-0.134670466974
13.1	0.815654	-0.200940833333	-0.576536419753	-29.7055038689	-2.6664752461	-0.301661846022
13.15	0.805021	-0.227046944444	-0.460615123457	-29.8451302091	-2.73434916146	0.355530032814
13.2	0.7928445	-0.248579722222	-0.30097191358	-29.9847565493	-2.69556406697	2.03621746066
13.25	0.7798105	-0.260108333333	-0.0976597222222	-30.1243828894	-2.48224604728	2.82807980647
13.3	0.7660905	-0.257154722222	0.063624382716	-30.2291026445	-2.32710566933	2.02005700462
13.35	0.753571	-0.243815833333	0.0262543209877	-30.3512756922	-2.27862430121	1.03426918637
13.4	0.742595	-0.249246666667	-0.0952777777778	-30.4559954473	-2.25923175397	0.592550054691
13.45	0.7290465	-0.257154722222	-0.141381635802	-30.5781684949	-2.23983920673	0.571002779975
13.5	0.7177275	-0.281355277778	0.116556481481	-30.6828882501	-2.17196529137	0.156217741692
13.55	0.696976	-0.238956666667	0.314840123457	-30.7876080052	-2.2301429331	-0.161604560371
13.6	0.6968045	-0.237241666667	0.294725925926	-30.9097810528	-2.2301429331	0.204699109799
13.65	0.6731375	-0.233811666667	0.632432716049	-31.0145008079	-2.17196529137	0.0646418241465
13.7	0.668507	-0.149586111111	0.554993055556	-31.1192205631	-2.2301429331	0.210085928481
13.75	0.6642195	-0.168260555556	0.35930308642	-31.2413936107	-2.22044665948	1.8476788069
13.8	0.6498135	-0.143964722222	0.645612808642	-31.3461133658	-2.08469882877	4.57879587715
13.85	0.648956	-0.10976	0.934886728395	-31.4508331209	-1.85198826184	8.74819353469
13.9	0.6347215	-0.0132436111111	0.572566512346	-31.5555528761	-1.17324910829	11.7163306268
13.95	0.652729	-0.00724111111111	-0.530485493827	-31.5730061686	-0.416939765754	9.61008452333
14	0.6412385	-0.126338333333	-0.574630864198	-31.5730061686	-0.096962736222	5.02051500882
14.05	0.632149	-0.11319	0.281545833333	-31.5730061686	-0.00969627362221	1.83151835086
14.1	0.6285475	-0.0706961111111	0.762169290123	-31.5730061686	0	0.441719131678
14.15	0.625289	-0.0181980555556	0.902756944444	-31.5730061686	0	0.05386818679
14.2	0.6275185	0.0256297222222	0.798533641975	-31.5730061686	0	-0.134670466975
14.25	0.628376	0.0538319444444	0.679012962963	-31.5730061686	0	-0.775701889775
14.3	0.629062	0.130625833333	-0.099512345679	-31.5730061686	-0.0290888208666	-2.65570160874
14.35	0.648956	0.0719347222222	-1.27868070988	-31.5730061686	-0.164836651577	-6.5126637829
14.4	0.6405525	-0.0638361111111	-1.22765416667	-31.5730061686	-0.639954059064	-11.0322046546
14.45	0.6360935	-0.0918477777778	-0.32029212963	-31.6253660461	-1.37687085435	-13.2246398569
14.5	0.630434	-0.0887988888889	0.606284259259	-31.7126325087	-2.09439510239	-12.2765597694
14.55	0.6251175	-0.0236288888889	1.28709691358	-31.8348055564	-2.7537417087	-8.09638847453
14.6	0.626318	0.0654558333333	1.32785462963	-32.0093384816	-2.97675600201	-2.55335205384
14.65	0.6306055	0.161400555556	0.474747993827	-32.1489648217	-2.86040071855	0.188538653766
14.7	0.6515285	0.104900833333	-0.161760493827	-32.2885911619	-2.82161562406	0.156217741692
14.75	0.6412385	0.0519263888889	0.80134962963	-32.4282175021	-2.83131189768	-0.463266406394
14.8	0.6456975	0.184076666667	1.78416108025	-32.5678438422	-2.91857836028	-0.231633203199
14.85	0.6601035	0.314607222222	1.32159805556	-32.7249234749	-2.90888208666	1.06120327976
14.9	0.6837705	0.335682666667	0.42795601852	-32.8645498151	-2.79252680319	2.03621746065
14.95	0.6954325	0.3164175	0.0939650617311	-33.0041761552	-2.6664752461	2.3944409028
15	0.7125825	0.32585	0.0740414197565	-33.1263492029	-2.54042368902	2.51025750439
