Vernier Format 2
Sin título.cmbl 8/09/2026 13:43:10 .
Último
Tiempo	Posición	Velocidad 1	Aceleración 1	Angulo	Velocidad 2	Aceleración 2
t	x	v 1	a 1	Angulo	v 2	a 2
s	m	m/s	m/s²	rad	rad/s	rad/s²

0.033333	0.504553	-0.00800341336747	-0.264401121329	-0.0523598775598	-2.09441604655	5.99526428562E-013
0.066666	0.504553	-0.0172930895976	-0.217773626284	-0.12217304764	-2.09441604655	1.82633513886E-012
0.099999	0.5036955	-0.0270115201152	-0.104045414231	-0.191986217719	-2.09441604655	0.0145447013295
0.133332	0.5023235	-0.0260110934443	0.0543094195163	-0.261799387799	-2.09441604655	0.0969646755117
0.166665	0.501809	-0.0201514515145	0.141252130584	-0.331612557879	-2.09441604655	0.509064546409
0.199998	0.501123	-0.0162926629266	0.225217351547	-0.401425727959	-2.07987149067	1.56355539253
0.233331	0.5006085	-0.00757465907992	0.366826780943	-0.471238898038	-2.02169326716	3.32104013607
0.266664	0.500437	0.00643131431314	0.550478370623	-0.541052068118	-1.83261404073	4.10887812455
0.299997	0.5006085	0.0327282439491	0.649807440528	-0.593411945678	-1.65807937019	2.4119963032
0.33333	0.5030095	0.0510217602176	0.71447852561	-0.645771823238	-1.64353481431	0.0727235066314
0.366663	0.503867	0.0757465907992	0.885267358036	-0.698131700798	-1.74534670546	0.0363617533172
0.399996	0.5074685	0.11219070524	1.09202427093	-0.767944870877	-1.7162575937	1.79384649686
0.433329	0.511413	0.145347703477	1.76696172795	-0.820304748437	-1.49808925552	0.278773442077
0.466662	0.5187875	0.18036263696	3.83536455413	-0.855211333477	-1.61444570255	-3.36952247383
0.499995	0.519988	0.32871162045	7.15967270663	-0.925024503557	-1.81806948486	-4.48461624214
0.533328	0.527191	0.798912155788	6.24546414477	-0.977384381117	-2.00714871128	-2.93318143405
0.566661	0.5839575	0.967698426984	-0.660764604115	-1.06465084372	-2.03623782304	-0.533305715281
0.599994	0.6086535	0.669714197142	-5.49656583354	-1.11701072128	-1.94897048777	-0.509064546404
0.633327	0.6247745	0.420893792271	-5.32780169439	-1.18682389136	-2.05078237892	-1.11509376831
0.66666	0.632492	0.273688153548	-3.33324062281	-1.25663706144	-2.07987149067	-0.327255779827
0.699993	0.640381	0.229812298123	-1.82960811976	-1.32645023152	-2.07987149067	0.727235066296
0.733326	0.6484415	0.183506835068	-1.33463016469	-1.3962634016	-2.03623782304	1.76960532798
0.766659	0.6525575	0.146205212052	-1.25947831444	-1.46607657168	-1.90533682013	1.18781727494
0.799992	0.657531	0.109904015707	-1.48755405649	-1.51843644924	-1.90533682013	-0.606029221908
0.833325	0.660275	0.0631697983647	-1.78351657293	-1.58824961931	-2.02169326716	-0.327255779833
0.866658	0.666449	-0.0753178365117	-0.220691566587	-1.65806278939	-2.00714871128	2.01201701674
0.899991	0.6487845	-0.0314419810865	3.1685258702	-1.72787595947	-1.84715859661	3.44224598045
0.933324	0.6553015	0.243246599133	3.55476588663	-1.78023583703	-1.68716848195	2.55744331646
0.966657	0.67228	0.332856245229	0.423160893731	-1.83259571459	-1.7162575937	2.29079045882
0.99999	0.6841135	0.235957776244	-2.01981018767	-1.90240888467	-1.57081203492	2.7271314986
1.033323	0.687715	0.11633533002	-2.14522207089	-1.93731546971	-1.43991103201	0.909043832871
1.066656	0.689773	0.0547376307096	-0.829052344853	-1.98967534727	-1.52717836728	-0.327255779832
1.099989	0.6896015	0.0590251735851	0.711739234714	-2.04203522483	-1.54172292316	0.509064546402
1.133322	0.6920025	0.12148038147	1.62868708747	-2.09439510239	-1.5126338114	1.99989643231
1.166655	0.697319	0.19722697227	1.56973278339	-2.14675497995	-1.36718825261	2.52108156315
1.199988	0.7060655	0.246676633433	0.8048751252	-2.18166156499	-1.3090100291	1.86657000349
1.233321	0.715155	0.251107094404	-0.0601453001222	-2.23402144255	-1.26537636146	1.51507305478
1.266654	0.7232155	0.235386103861	-0.73544005595	-2.26892802759	-1.16356447031	-1.10468295633E-012
1.299987	0.7314475	0.198227398941	-1.2866330242	-2.30383461263	-1.26537636146	-1.51507305478
1.33332	0.7365925	0.147920229202	-1.72229937637	-2.35619449019	-1.3090100291	-1.89081117237
1.366653	0.741566	0.0868942022754	-2.06006585389	-2.39110107523	-1.36718825261	-2.69076974529
1.399986	0.74431	-0.0174360076934	-1.45218147404	-2.44346095279	-1.5126338114	-2.83621675854
1.433319	0.7383075	-0.0551663849972	0.496883548732	-2.49582083035	-1.57081203492	-2.75137266747
1.466652	0.73745	0.0117192838595	2.53122388811	-2.54818070791	-1.64353481431	-3.92706935798
1.499985	0.7372785	0.142775177752	3.47306355815	-2.60054058547	-1.83261404073	-5.10276604849
1.533318	0.744996	0.314133974673	2.21596723579	-2.67035375555	-2.03623782304	-4.99368078854
1.566651	0.762832	0.348148481485	-0.613720260455	-2.74016692563	-2.15259427007	-4.98156020411
1.599984	0.774151	0.218521768551	-1.94453923781	-2.80998009571	-2.35621805237	-5.00580137298
1.633317	0.77518	0.135200518672	-0.92504662584	-2.89724655831	-2.5452972788	-3.41800481158
1.66665	0.7791245	0.158496168295	0.328953106807	-2.98451302091	-2.60347550231	-1.17569669051
1.699983	0.7859845	0.192796511298	0.748898311225	-3.07177948351	-2.60347550231	0.569667468591
1.733316	0.793016	0.210375437088	0.961133805913	-3.15904594611	-2.55984183468	1.83020825017
1.766649	0.79919	0.248963322967	1.15740995364	-3.24631240871	-2.42894083177	1.61203773028
1.799982	0.808451	0.308988923223	0.649092842903	-3.31612557879	-2.41439627589	0.557546884163
1.833315	0.820799	0.331569982366	-0.900869406187	-3.40339204139	-2.48711905528	1.98777584787
1.866648	0.834519	0.243532435324	-2.25705659924	-3.49065850399	-2.32712894062	4.49673682658
1.899981	0.8377775	0.128769204359	-2.14415017446	-3.56047167407	-2.10896060243	4.73914851534
1.933314	0.8405215	0.0790337070037	-1.28972961391	-3.63028484415	-1.91988137601	2.16958461444
1.966647	0.842408	0.0555951392847	-0.65409502628	-3.68264472171	-1.91988137601	-1.76960532798
1.99998	0.844123	0.0444475278086	-0.309182572509	-3.75245789179	-2.09441604655	-4.07251637124
2.033313	0.845152	0.0397312306456	-0.184723486118	-3.82227106187	-2.28349527298	-3.74526059141
2.066646	0.8466955	0.0370157868245	-0.235102618696	-3.90953752447	-2.35621805237	-2.79985500523
2.099979	0.847896	0.0265827658277	-0.380642335031	-3.97935069455	-2.41439627589	-3.18771370725
2.133312	0.848582	0.011290529572	-0.530231437909	-4.06661715715	-2.57438639056	-3.51496948708
2.166645	0.8487535	-0.00871800384671	-0.672436365327	-4.15388361975	-2.66165372583	-3.4907283182
2.199978	0.848239	-0.0354436877702	-0.756282486685	-4.24115008235	-2.8216438405	-3.01802552511
2.233311	0.8463525	-0.0614547812145	-0.795347156864	-4.34586983747	-2.87982206401	-1.96353467899
2.266644	0.8439515	-0.0851791851252	-0.930763406842	-4.43313630007	-2.92345573165	-1.52719363921
2.299977	0.8408645	-0.116907002403	-1.19635552421	-4.53785605519	-3.0252676228	-0.0121205844382
2.33331	0.8370915	-0.170930042634	-1.25733452156	-4.6425758103	-2.92345573165	1.43022896371
2.366643	0.829374	-0.220093867605	-0.814879491953	-4.7298422729	-2.87982206401	1.46659071702
2.399976	0.8206275	-0.22338098381	-0.414704821833	-4.83456202802	-2.83618839637	1.52719363921
2.433309	0.814625	-0.226953936206	-0.551073868644	-4.92182849062	-2.73437650522	0.509064546406
2.466642	0.806736	-0.260825524922	-0.713168429964	-5.00909495322	-2.8216438405	0.145447013262
2.499975	0.7966175	-0.283120747874	-0.625153822458	-5.11381470834	-2.80709928462	1.963534679
2.533308	0.7880425	-0.306130561306	-0.358608908253	-5.20108117094	-2.66165372583	3.16347253838
2.566641	0.776209	-0.322137388041	0.298940006548	-5.28834763354	-2.57438639056	3.84222526691
2.599974	0.7643755	-0.280262385957	0.774028327711	-5.37561409614	-2.39985172001	4.24220455337
2.633307	0.75803	-0.2478199782	0.637540181295	-5.44542726622	-2.29803982886	4.64218383983
2.66664	0.7489405	-0.240816991503	0.5016475329	-5.53269372882	-2.09441604655	4.95731903523
2.699973	0.741223	-0.219093440934	0.435785451777	-5.58505360638	-1.90533682013	3.57557240928
2.733306	0.7345345	-0.205230385637	0.221167965004	-5.65486677646	-1.84715859661	1.99989643231
2.766639	0.7280175	-0.203801204679	0.0098852671488	-5.70722665402	-1.81806948486	1.58779656141
2.799972	0.7211575	-0.209660846608	-0.0513319294112	-5.7770398241	-1.77443581722	2.02413760118
2.833305	0.7139545	-0.213519635196	0.0937313885073	-5.82939970166	-1.64353481431	1.59991714584
2.866638	0.70658	-0.205802058021	0.325499218285	-5.88175957922	-1.62899025843	0.303014610956
2.899971	0.700063	-0.191510248436	0.532137031576	-5.93411945678	-1.70171303782	0.739355650732
2.933304	0.6933745	-0.164355810225	0.526777549387	-6.00393262686	-1.58535659079	1.21205844382
2.966637	0.68943	-0.147205638723	0.196752546142	-6.0388392119	-1.49808925552	-1.18781727494
2.99997	0.6837705	-0.143061013943	-0.371352565903	-6.09119908946	-1.7162575937	-2.37563454989
3.033303	0.680855	-0.168357516909	-0.967088786123	-6.16101225954	-1.75989126134	-1.12721435276
3.066636	0.673995	-0.230812724794	-0.8899122426	-6.2133721371	-1.70171303783	-1.9029317568
3.099969	0.663705	-0.247391223912	-0.244392387823	-6.26573201466	-1.84715859661	-3.51496948708
3.133302	0.656502	-0.234528595286	0.126841078476	-6.33554518474	-2.02169326716	-3.00590494067
3.166635	0.648613	-0.229383543835	0.233197025028	-6.40535835482	-2.07987149067	-1.47871130146
3.199968	0.641067	-0.219808031414	0.318234142429	-6.4751715249	-2.09441604655	-0.399979286466
3.233301	0.6340355	-0.211232945663	0.472349030267	-6.54498469498	-2.09441604655	0.436341039773
3.266634	0.626661	-0.191939002723	0.699710174689	-6.61479786506	-2.07987149068	1.7453641591
3.299967	0.6206585	-0.156638233049	0.661121902928	-6.68461103514	-2.02169326716	4.31492806001
3.3333	0.6165425	-0.136772617726	0.3627773944	-6.75442420522	-1.80352492898	7.04205955861
3.366633	0.612255	-0.130198385317	0.0570487104129	-6.80678408278	-1.5126338114	8.04806806697
3.399966	0.609511	-0.166070827375	0.59430702497	-6.85914396034	-1.14901991443	5.19973072399
3.433299	0.5969915	-0.0914675813425	1.13156533953	-6.87659725286	-1.01811891152	-1.67264065247
3.466632	0.604709	-0.055309303093	0.794870758447	-6.9115038379	-1.32355458497	-6.58147734995
3.499965	0.5942475	-0.0364441144411	0.455198687262	-6.96386371546	-1.67262392607	-5.46638358163
3.533298	0.604023	-0.0570243202432	0.82952874327	-7.03367688554	-1.75989126134	-1.85444941905
3.566631	0.5870445	0.00128626286263	1.58914601887	-7.0860367631	-1.68716848195	-0.581788053035
3.599964	0.6017935	0.117335756691	0.625392021667	-7.13839664066	-1.77443581722	-0.157567597697
3.633297	0.6021365	0.0464483811505	-0.415895817875	-7.20820981074	-1.75989126134	1.40598779483
3.66663	0.602651	0.03372867062	-0.0713406629172	-7.2605696883	-1.62899025843	1.39386721039
3.699963	0.603337	0.0353007696744	0.533685326431	-7.31292956586	-1.59990114667	-0.581788053035
3.733296	0.6031655	0.0943259432594	0.650045639737	-7.36528944342	-1.64353481431	-3.40588422714
3.766629	0.612598	0.0850362670293	0.557147948459	-7.41764932098	-1.84715859661	-5.49062475051
3.799962	0.608139	0.096612632793	1.21946084743	-7.48746249106	-2.07987149067	-5.22397189287
3.833295	0.6155135	0.190223985573	1.20838458424	-7.55727566114	-2.2689507171	-2.67864916084
3.866628	0.6234025	0.216949669497	0.213426490731	-7.64454212374	-2.28349527298	0.593908637476
3.899961	0.6323205	0.184078507452	-0.286672747315	-7.71435529381	-2.15259427007	1.75748474354
3.933294	0.634893	0.164212892129	0.0857517150257	-7.78416846389	-2.10896060243	1.22417902825
3.966627	0.64141	0.193654019874	0.387073713658	-7.85398163397	-2.09441604655	1.24842019713
3.99996	0.647927	0.216949669497	-0.00250109168824	-7.92379480405	-2.0653269348	2.3150316277
4.033293	0.657188	0.206945402787	-0.729842374552	-7.99360797413	-1.97805959952	4.18160163118
4.066626	0.6638765	0.138201798685	-0.652189432612	-8.06342114421	-1.70171303783	3.78162234473
4.099959	0.663705	0.139488061547	0.134463453145	-8.09832772925	-1.64353481431	1.19993785939
4.133292	0.6727945	0.159639513062	0.595498021012	-8.16814089933	-1.7162575937	0.836320326241
4.166625	0.673995	0.190081067477	0.657072516385	-8.22050077689	-1.61444570255	1.18781727494
4.199958	0.684628	0.235957776244	-0.170550633218	-8.27286065445	-1.58535659079	0.339376364268
4.233291	0.693889	0.172930895976	-0.828814145644	-8.32522053201	-1.58535659079	-0.73935565073
4.266624	0.694918	0.139488061547	-0.393028693868	-8.37758040957	-1.62899025843	-1.84232883461
4.299957	0.701435	0.149635246352	0.0439477539507	-8.42994028713	-1.75989126134	-1.50295247034
4.33329	0.7053795	0.154637379707	0.169597836384	-8.49975345721	-1.77443581722	0.024241168874
4.366623	0.7112105	0.172073387401	-0.0553813159541	-8.55211333477	-1.68716848195	-0.0848440910649
4.399956	0.7180705	0.154923215899	-0.360514501921	-8.60447321233	-1.77443581722	-0.460582208649
4.433289	0.722015	0.128197531975	-0.105045850907	-8.67428638241	-1.77443581722	0.351496948709
4.466622	0.725445	0.134771764384	0.493310560606	-8.72664625997	-1.68716848195	-0.424220455338
4.499955	0.729904	0.171501715017	0.79582355528	-8.77900613753	-1.7889803731	-1.59991714584
4.533288	0.736764	0.21166169995	0.446028017738	-8.84881930761	-1.83261404073	-1.9029317568
4.566621	0.7458535	0.20408704087	-0.0202469327144	-8.90117918517	-1.89079226425	-2.67864916084
4.599954	0.750484	0.190223985573	0.00905156991938	-8.97099235525	-2.03623782304	-2.75137266747
4.633287	0.757344	0.203801204679	0.0938504881115	-9.04080552533	-2.09441604655	-2.32715221214
4.66662	0.764547	0.2065166485	-0.0555004155583	-9.11061869541	-2.15259427007	-2.77561383635
4.699953	0.771407	0.200371170378	-0.210091701813	-9.18043186549	-2.29803982886	-2.83621675854
4.733286	0.7780955	0.188794804615	-0.245821583074	-9.26769832809	-2.35621805237	-2.64228740753
4.766619	0.7842695	0.172645059784	0.00166739445884	-9.33751149817	-2.42894083177	-3.32104013607
4.799952	0.788214	0.191081494148	0.156258680714	-9.42477796077	-2.60347550231	-2.99378435624
4.833285	0.797132	0.204658713254	-0.426972081066	-9.51204442337	-2.73437650522	0.157567597698
4.866618	0.8034775	0.175074667413	-1.72265667518	-9.61676417849	-2.60347550231	3.78162234472
4.899951	0.808794	0.140917242506	-5.23919158886	-9.68657734857	-2.39985172001	5.19973072399
4.933284	0.8127385	-0.0843216765501	-9.4858070763	-9.77384381117	-2.25440616122	5.98756871248
4.966617	0.8158255	-0.494639529729	-10.7145576929	-9.84365698125	-1.94897048777	4.99368078854
4.99995	0.8178835	-1.66342371757	9.20330281514	-9.89601685881	-1.86170315249	2.30291104326
5.033283	0.5894455	0.0573101564349	28.8845124096	-9.96583002889	-1.83261404073	0.351496948713
5.066616	0.8216565	1.78047363807	9.4062485407	-10.0181899064	-1.84715859661	-1.41810837927
5.099949	0.8233715	0.622837061704	-10.3160504172	-10.0880030765	-1.90533682013	-3.46648714933
5.133282	0.824915	0.22924062574	-8.93806799658	-10.1403629541	-2.09441604655	-4.93307786636
5.166615	0.825944	0.0250106667733	-4.62785332049	-10.2276294167	-2.29803982886	-4.56946033321
5.199948	0.8264585	0.0154351543515	-1.23375279993	-10.2974425868	-2.39985172001	-3.91494877355
5.233281	0.826973	0.00728882288823	-0.419826104813	-10.3847090494	-2.55984183468	-3.17559312281
5.266614	0.826973	-0.00200085334187	-0.27916947225	-10.471975512	-2.61802005819	-2.32715221213
5.299947	0.8264585	-0.00443046097128	-0.492357763773	-10.5592419746	-2.67619828171	-2.35139338101
5.33328	0.8274875	-0.0292982096488	-0.838580313189	-10.6465084372	-2.80709928462	-1.59991714585
5.366613	0.8250865	-0.070315703157	-0.918257948401	-10.7512281923	-2.8216438405	0.0121205844347
5.399946	0.822171	-0.0968984689847	-0.807614416096	-10.8384946549	-2.73437650522	-0.0969646755069
5.433279	0.8185695	-0.121337463375	-0.734844557929	-10.9257611175	-2.8216438405	-0.533305715281
5.466612	0.8141105	-0.144776031094	-0.678867743954	-11.0304808726	-2.8216438405	0.0242411688764
5.499945	0.8089655	-0.167928762621	-0.599785606763	-11.1177473352	-2.7489210611	-1.06661143056
5.533278	0.8027915	-0.187365623656	-0.475326520372	-11.2050137978	-2.87982206401	-2.26654928994
5.566611	0.7959315	-0.194225692257	-0.485569086333	-11.3097335529	-3.01072306692	-0.654511559663
5.599944	0.7904435	-0.214662979963	-0.619556141061	-11.414453308	-2.92345573165	1.18781727494
5.633277	0.78204	-0.24539037057	-0.523204561261	-11.5017197706	-2.87982206401	1.80596708129
5.66661	0.7729505	-0.249392077254	-0.420898001251	-11.6064395258	-2.8216438405	2.58168448534
5.699943	0.765919	-0.264827231606	-0.506054218256	-11.6937059884	-2.67619828171	2.33927279658
5.733276	0.7558005	-0.29083832505	-0.394338789514	-11.780972451	-2.63256461407	1.24842019714
5.766609	0.745682	-0.295840458405	-0.148636306045	-11.8682389136	-2.61802005819	0.836320326236
5.799942	0.736078	-0.297555475555	0.0350152836355	-11.9555053762	-2.60347550231	1.16357610607
5.833275	0.725788	-0.29498294983	0.235579017112	-12.0427718388	-2.55984183468	1.93929351012
5.866608	0.715841	-0.276832351657	0.270713400352	-12.1300383014	-2.42894083177	1.59991714584
5.899941	0.7077805	-0.272544808781	0.20151653031	-12.1998514714	-2.41439627589	0.387858702021
5.933274	0.697662	-0.264541395414	0.173528123323	-12.287117934	-2.48711905528	1.15145552163
5.966607	0.690802	-0.271973136398	0.375640151654	-12.3743843966	-2.35621805237	2.29079045882
5.99994	0.6775965	-0.235386103861	0.482115197811	-12.4441975667	-2.22531704946	0.751476235167
6.033273	0.6758815	-0.216235079017	0.0454960488053	-12.5140107368	-2.31258438474	-0.678752728541
6.066606	0.665763	-0.257395490622	0.197109844955	-12.6012771994	-2.34167349649	-0.230291104323
6.099939	0.6553015	-0.217092587593	0.652070333008	-12.6710903695	-2.34167349649	0.824199741801
6.133272	0.6511855	-0.176503848372	0.203064825165	-12.7583568321	-2.29803982886	2.21806695219
6.166605	0.6463835	-0.204372877062	-0.212592793501	-12.8281700022	-2.15259427007	2.53320214758
6.199938	0.6367795	-0.216520915209	0.0675294755828	-12.8979831722	-2.10896060243	2.69076974528
6.233271	0.6312915	-0.209660846608	0.73770294843	-12.9677963423	-2.05078237892	5.24821306175
6.266604	0.622202	-0.174645913126	1.63380837045	-13.0376095124	-1.87624770837	10.8115613189
6.299937	0.6182575	-0.0940401070677	2.17332957749	-13.1074226825	-1.29446547322	15.1143687945
6.33327	0.6151705	0.000857508575087	1.6750168335	-13.124875975	-0.669049570427	13.6235369086
6.366603	0.6189435	0.0634556345563	-0.0647901846861	-13.1423292675	-0.305435673456	9.23588534192
6.399936	0.62426	-0.00743174098408	-1.57652146083	-13.1423292675	-0.0727227793943	4.93307786636
6.433269	0.6199725	-0.118764937649	-0.959704610663	-13.1423292675	-0.0145445558789	1.87869058792
6.466602	0.6113975	-0.10361561949	0.657548914801	-13.1423292675	0	0.630270390788
6.499935	0.6113975	-0.0324424077574	1.27496126299	-13.1423292675	0	0.521185130844
6.533268	0.6110545	0.00257252572526	1.23684938964	-13.1423292675	0.0145445558789	1.16357610607
6.566601	0.6113975	0.0455908725754	1.07308743386	-13.1423292675	0.0581782235155	2.23018753663
6.599934	0.6141415	0.0737457374574	0.780459706338	-13.1423292675	0.203623782304	2.07261993894
6.633267	0.6148275	0.131055893892	-0.310730867364	-13.124875975	0.247257449941	0.193929351007
6.6666	0.628033	0.0530226135595	-1.3121203395	-13.124875975	0.232712894061	-2.50896097871
6.699933	0.618086	-0.0164355810225	-0.764262160167	-13.1074226825	0.130901002909	-6.70268319433
6.733266	0.623231	0.00228668953356	-0.20377942279	-13.1074226825	-0.232712894061	-10.5085467079
6.766599	0.618429	0.0128626286263	-0.582158865341	-13.124875975	-0.596326791033	-13.441728142
6.799932	0.6268325	-0.0321565715657	-1.03580925775	-13.1423292675	-1.11993080267	-15.9022067829
6.833265	0.618086	-0.121623299566	0.0613362961642	-13.1946891451	-1.75989126134	-14.8234747679
6.866598	0.6110545	-0.0200085334187	0.930048809217	-13.2645023152	-2.23986160534	-9.68434696613
6.899931	0.619115	0.017864761981	-0.0251300164867	-13.3517687778	-2.45802994352	-3.03014610955
6.933264	0.6172285	-0.0484492344923	-0.352653928043	-13.4390352404	-2.35621805237	1.06661143056
6.966597	0.61397	-0.0776045260453	0.988764914088	-13.5088484104	-2.22531704946	0.436341039775
6.99993	0.605052	0.0615976993103	1.43169634212	-13.5786615805	-2.31258438474	-1.21205844382
7.033263	0.62426	0.0696011126778	0.629679607418	-13.6659280431	-2.35621805237	-1.79384649686
7.066596	0.6120835	0.0208660419938	1.65024411583	-13.7357412132	-2.41439627589	-2.49684039427
7.099929	0.6158565	0.203086614199	2.01540350231	-13.8230076758	-2.55984183468	-1.91505234124
7.133262	0.631806	0.231670233369	0.546309884476	-13.9102741384	-2.58893094643	-0.0848440910641
7.166595	0.6343785	0.191081494148	0.143991421481	-13.997540601	-2.55984183468	1.50295247034
7.199928	0.6408955	0.218378850455	0.278573974229	-14.0848070636	-2.42894083177	1.52719363921
7.233261	0.6491275	0.240674073407	-0.161379963694	-14.1546202337	-2.41439627589	0.44846162421
7.266594	0.6597605	0.200514088474	-0.408630742018	-14.2418866963	-2.48711905528	1.4908318859
7.299927	0.661304	0.184507261739	0.0396601681994	-14.3291531589	-2.34167349649	3.01802552512
7.33326	0.6700505	0.218521768551	0.168764139155	-14.398966329	-2.18168338183	1.84232883462
7.366593	0.6779395	0.205802058021	0.0761046470853	-14.468779499	-2.16713882595	-0.775717404046
7.399926	0.683256	0.208517501842	0.332049696516	-14.5385926691	-2.29803982886	-1.85444941905
7.433259	0.691145	0.227525608589	0.600976602805	-14.6258591317	-2.34167349649	-1.5514348081
7.466592	0.698348	0.252822111554	0.765691355417	-14.6956723018	-2.37076260825	-1.91505234124
7.499925	0.7077805	0.284549928833	0.737822048034	-14.7829387644	-2.42894083177	-3.16347253837
7.533258	0.7177275	0.304701380347	0.619675240665	-14.8527519345	-2.60347550231	-3.87858702023
7.566591	0.728189	0.32285197852	0.551431167457	-14.9574716896	-2.76346561698	-2.7271314986
7.599924	0.739165	0.341002576692	0.452102097552	-15.0447381522	-2.73437650522	-2.7271314986
7.633257	0.7506555	0.361868618686	0.106355946553	-15.1320046148	-2.89436661989	-3.86646643579
7.66659	0.764204	0.355866058661	-0.432569762463	-15.2367243699	-3.06890129044	-3.06650786287
7.699923	0.7753515	0.322423224232	-0.694707991313	-15.341444125	-3.12707951395	-1.40598779483
7.733256	0.785127	0.299842165088	-0.692325999229	-15.4461638801	-3.14162406983	0.02424116888
7.766589	0.795074	0.282263239299	-0.812378400265	-15.5508836353	-3.12707951395	1.57567597697
7.799922	0.8045065	0.250392503925	-1.04795741738	-15.6556033904	-3.06890129044	3.89070760467
7.833255	0.8120525	0.208946256129	-1.19456903015	-15.7603231455	-2.86527750813	5.99968929691
7.866588	0.818398	0.166499581662	-1.18575565944	-15.8475896081	-2.61802005819	6.39966858337
7.899921	0.8232	0.124767497675	-0.981976236649	-15.9348560707	-2.38530716413	5.00580137299
7.933254	0.8264585	0.0938971889719	-0.569057908879	-16.0046692408	-2.22531704946	1.99989643231
7.966587	0.828688	0.0864654479878	-0.164357453799	-16.0744824109	-2.29803982886	0.14544701326
7.99992	0.831775	0.092896762301	-0.0574060092256	-16.1617488735	-2.29803982886	0.460582208652
8.033253	0.835205	0.0916104994383	-0.23295882582	-16.2315620435	-2.21077249358	-0.424220455341
8.066586	0.838292	0.0777474441411	-0.450553802698	-16.3013752136	-2.31258438474	-1.70900240579
8.099919	0.8405215	0.0580247469141	-0.56739051442	-16.3886416762	-2.35621805237	-2.49684039427
8.133252	0.8422365	0.0360153601536	-0.561792833023	-16.4584548463	-2.42894083177	-4.67854559315
8.166585	0.842751	0.018722270556	-0.50986540559	-16.5457213089	-2.64710916995	-7.30871241624
8.199918	0.8432655	0.00628839621729	-0.586208251884	-16.6329877715	-2.93800028753	-9.07831774422
8.233251	0.843437	-0.0144347276806	-0.835841022292	-16.7377075266	-3.33070329626	-8.35108267793
8.266584	0.842751	-0.0491638249716	-1.10274323531	-16.8598805743	-3.5779607462	-5.15124838624
8.299917	0.84035	-0.0914675813425	-1.2638849998	-16.9820536219	-3.65068352559	-2.50896097871
8.33325	0.8367485	-0.13734429011	-1.29580369372	-17.1042266695	-3.67977263735	-1.68476123691
8.366583	0.831089	-0.18036263696	-1.24685375639	-17.2263997172	-3.72340630498	-2.01201701674
8.399916	0.824572	-0.218950522839	-1.24399536589	-17.3485727648	-3.85430730789	-1.44234954815
8.433249	0.8165115	-0.259968016347	-1.31557422802	-17.488199105	-3.86885186377	0.47270279309
8.466582	0.807422	-0.305415970826	-1.36095117722	-17.6103721526	-3.76703997262	1.26054078158
8.499915	0.796789	-0.363583635836	-1.01437132899	-17.7325452003	-3.81067364026	2.79985500523
8.533248	0.78204	-0.388165548322	-0.227242044818	-17.8721715404	-3.63613896971	5.68455410152
8.566581	0.769692	-0.373302066354	0.428639475524	-17.9768912955	-3.38888151977	7.21174774073
8.599914	0.7571725	-0.351435597689	0.779268710296	-18.0990643432	-3.11253495807	7.1996271563
8.633247	0.745339	-0.307130987977	0.648140046069	-18.1863308058	-2.80709928462	4.32704864444
8.66658	0.7376215	-0.290981243146	0.0501409333692	-18.2735972684	-2.83618839637	1.72112299023
8.699913	0.727503	-0.315563155632	-0.222954459067	-18.3783170235	-2.80709928462	2.04837877006
8.733246	0.7160125	-0.327711193779	0.109333436658	-18.4655834861	-2.67619828171	2.01201701674
8.766579	0.704522	-0.308417250839	0.494382457044	-18.5528499487	-2.63256461407	1.10297318388
8.799912	0.6954325	-0.284549928833	0.594187925366	-18.6401164113	-2.61802005819	0.49694396197
8.833245	0.6854855	-0.259539262059	0.39648258239	-18.7273828739	-2.61802005819	0.49694396197
8.866578	0.678797	-0.254251292513	0.0763428462937	-18.8146493365	-2.60347550231	1.078732015
8.899911	0.6690215	-0.262826378264	-0.0210806299438	-18.9019157991	-2.55984183468	1.84232883461
8.933244	0.6607895	-0.261397197305	0.0744372526265	-18.9891822617	-2.42894083177	1.21205844382
8.966577	0.6515285	-0.256680900142	0.223311757879	-19.0589954318	-2.42894083177	-0.484823377529
8.99991	0.6439825	-0.254108374417	0.608003479453	-19.1462618944	-2.5452972788	0.339376364271
9.033243	0.6336925	-0.225953509535	1.27793875309	-19.233528357	-2.51620816704	4.31492806
9.066576	0.628033	-0.162497874979	1.69419186978	-19.3207948196	-2.2689507171	8.48440910675
9.099909	0.622888	-0.106473981406	1.81281507556	-19.3906079897	-1.84715859661	9.24800592636
9.133242	0.619115	-0.0030012800128	0.865973222156	-19.4429678672	-1.48354469964	5.00580137298
9.166575	0.628376	-0.0523080230802	-0.097661675446	-19.4778744523	-1.45445558788	-0.848440910676
9.199908	0.6124265	-0.0351578515785	-0.316924046783	-19.5302343298	-1.70171303783	-2.32715221214
9.233241	0.6275185	-0.056309729764	-0.737464749221	-19.6000474999	-1.74534670546	0.145447013263
9.266574	0.611569	-0.14077432441	0.395887084369	-19.6524073775	-1.62899025843	1.43022896371
9.299907	0.6110545	-0.0374445411121	1.68490210065	-19.704767255	-1.58535659079	0.981767339494
9.33324	0.611226	0.0180076800768	1.6379768566	-19.7571271326	-1.57081203492	0.387858702024
9.366573	0.611226	0.0934684346843	0.873119198408	-19.8094870101	-1.57081203491	-1.06526964482E-012
9.399906	0.619458	0.108331916652	-0.718527912153	-19.8618468877	-1.57081203492	-0.399979286464
9.433239	0.623917	-0.0162926629266	-0.730080573761	-19.9142067653	-1.58535659079	-1.06661143056
9.466572	0.6110545	0.0305844725114	0.125769182038	-19.9665666428	-1.62899025843	-1.83020825017
9.499905	0.627347	0.0504500878342	-0.283576157606	-20.0189265204	-1.75989126134	-1.11509376831
9.533238	0.6189435	-0.0292982096488	0.291436731483	-20.0887396905	-1.75989126134	1.01812909281
9.566571	0.6186005	0.0565955659557	1.1308507419	-20.141099568	-1.62899025843	1.41810837927
9.599904	0.624946	0.0883233832338	0.997340085591	-20.1934594456	-1.59990114667	-0.012120584438
9.633237	0.6258035	0.104901882352	1.18385006577	-20.2458193231	-1.62899025843	-1.50295247034
9.66657	0.6295765	0.165642073087	1.241256075	-20.2981792007	-1.75989126134	-1.43022896371
9.699903	0.636608	0.227668526685	0.356226916169	-20.3679923708	-1.77443581722	0.0484823377553
9.733236	0.6491275	0.182220572206	-0.354440422106	-20.4203522483	-1.68716848195	-2.13164952378E-012
9.766569	0.647584	0.159496594966	0.0207233311312	-20.4727121259	-1.77443581722	-0.0363617533207
9.799902	0.656845	0.202800778008	0.00107189643783	-20.542525296	-1.75989126134	1.51507305477
9.833235	0.6638765	0.181648899822	-0.498074544774	-20.5948851735	-1.62899025843	1.91505234124
9.866568	0.6697075	0.143346850135	-0.370161569861	-20.6472450511	-1.58535659079	1.06661143056
9.899901	0.671594	0.146205212052	0.0697923680626	-20.6996049287	-1.57081203492	0.327255779831
9.933234	0.6793115	0.159496594966	0.280122269084	-20.7519648062	-1.57081203492	-0.327255779831
9.966567	0.6827415	0.164212892129	0.45996267143	-20.8043246838	-1.58535659079	-1.06661143056
9.9999	0.6892585	0.193511101778	0.4987891424	-20.8566845613	-1.62899025843	-1.91505234124
10.033233	0.69629	0.205230385637	0.32478462066	-20.9090444389	-1.75989126134	-1.52719363921
10.066566	0.70315	0.212090454238	0.209734403	-20.978857609	-1.77443581722	-0.0484823377478
10.099899	0.710353	0.217807178072	0.122196193912	-21.0312174865	-1.68716848195	-0.424220455337
10.133232	0.7177275	0.221237212372	0.0273929089666	-21.0835773641	-1.7889803731	-1.21205844383
10.166565	0.7252735	0.219522195222	-0.0458533476179	-21.1533905342	-1.81806948486	-0.909043832868
10.199898	0.7324765	0.214948816155	-0.0104807651698	-21.2057504117	-1.83261404073	-1.19993785938
10.233231	0.739508	0.21409130758	0.166858545488	-21.2755635818	-1.86170315249	-2.4725992254
10.266564	0.746368	0.224810164768	0.381595131864	-21.3279234594	-1.94897048777	-5.03004254186
10.299897	0.754257	0.243389517228	0.481162400978	-21.3977366295	-2.25440616122	-6.08453338798
10.33323	0.7626605	0.261111361114	0.433760758505	-21.4850030921	-2.39985172001	-5.7087952704
10.366563	0.77175	0.275260252603	0.267140412226	-21.5548162621	-2.61802005819	-5.38153949057
10.399896	0.7811825	0.282120321203	-0.0051212829807	-21.6595360172	-2.80709928462	-3.72101942254
10.433229	0.790958	0.275831924986	-0.30382309032	-21.7468024798	-2.86527750813	-2.26654928995
10.466562	0.799876	0.258967589676	-0.519036075114	-21.851522235	-2.90891117577	-1.89081117236
10.499895	0.8082795	0.23853030197	-0.650045639737	-21.9387886976	-2.96708939928	-1.95141409455
10.533228	0.8158255	0.215091734251	-0.748064613995	-22.0435084527	-3.15616862571	0.812079157363
10.566561	0.8226855	0.189223558902	-0.841200504481	-22.1656815003	-2.92345573165	3.83010468248
10.599894	0.828688	0.156781151145	-0.864305827697	-22.2354946704	-2.7489210611	3.11499020062
10.633227	0.8329755	0.128483368167	-0.797133650927	-22.3402144255	-2.76346561698	3.3937636427
10.66656	0.8370915	0.104473128065	-0.73770294843	-22.4274808881	-2.58893094643	4.98156020411
10.699893	0.840007	0.0798912155788	-0.682559831684	-22.5147473507	-2.37076260825	4.82399260641
10.733226	0.842408	0.0573101564349	-0.597284515075	-22.5845605208	-2.18168338183	2.08474052338
10.766559	0.8436085	0.0397312306456	-0.516534983426	-22.6543736909	-2.18168338183	-2.27866987438
10.799892	0.844809	0.0284407010737	-0.570606203734	-22.724186861	-2.37076260825	-5.64819234821
10.833225	0.846181	0.00128626286263	-0.622890929979	-22.8114533236	-2.61802005819	-7.15114481855
10.866558	0.8446375	-0.019722697227	-0.535471820494	-22.8987197862	-2.87982206401	-7.32083300068
10.899891	0.8442945	-0.0277261105944	-0.647068149632	-23.0034395413	-3.12707951395	-6.66632144102
10.933224	0.843437	-0.0543088764221	-1.00520065947	-23.1081592964	-3.34524785213	-5.41790124388
10.966557	0.841036	-0.0934684346843	-1.42014368051	-23.230332344	-3.46160429916	-4.65430442427
10.99989	0.8377775	-0.152493608269	-1.72289487439	-23.3350520992	-3.65068352559	-3.87858702023
11.033223	0.8309175	-0.214948816155	-1.77863348916	-23.4746784393	-3.79612908438	-1.2362996127
11.066556	0.823543	-0.278547368807	-1.55293973919	-23.596851487	-3.70886174911	0.763596819604
11.099889	0.8120525	-0.329140374737	-1.00412876303	-23.7190245346	-3.67977263735	1.16357610607
11.133222	0.800562	-0.347148054814	-0.536543716932	-23.8411975822	-3.65068352559	1.98777584787
11.166555	0.788214	-0.345290119568	-0.942196968845	-23.9633706299	-3.59250530207	3.90282818911
11.199888	0.7777525	-0.34900599006	-3.78045963659	-24.0855436775	-3.38888151977	5.68455410153
11.233221	0.766262	-0.502071270713	-8.91960755793	-24.1902634326	-3.15616862571	5.75727760815
11.266554	0.751856	-0.873658319917	-13.9440625604	-24.2949831878	-2.95254484341	4.33916922888
11.299887	0.7369355	-1.87508541752	-6.4335224198	-24.3822496504	-2.87982206401	3.236196045
11.33322	0.5849865	-1.73931322647	12.2033027454	-24.4869694055	-2.80709928462	3.92706935798
11.366553	0.582071	-0.549948832822	17.4445190275	-24.5742358681	-2.61802005819	4.60582208652
11.399886	0.582071	-0.134628846288	10.0073442431	-24.6615023307	-2.42894083177	3.41800481158
11.433219	0.5822425	-0.00157209905432	3.76985977182	-24.7313155008	-2.37076260825	1.57567597697
11.466552	0.5822425	-0.00314419810865	0.654928723509	-24.8185819634	-2.35621805237	0.509064546406
11.499885	0.582071	-0.010290102901	-0.112668225575	-24.8883951334	-2.35621805237	0.0848440910676
11.533218	0.5815565	-0.017864761981	-0.278812173438	-24.975661596	-2.35621805237	-0.0727235066294
11.566551	0.581385	-0.0358724420578	-0.129342170164	-25.0454747661	-2.35621805237	-0.424220455338
11.599884	0.5784695	-0.0344432610993	0.219381470941	-25.1327412287	-2.37076260825	-1.13933493719
11.633217	0.578298	-0.0120051200512	0.322402628576	-25.2025543988	-2.41439627589	-2.15746403
11.66655	0.578298	-0.00400170668373	0.17400452174	-25.2898208614	-2.55984183468	-1.70900240579
11.699883	0.578298	-0.00343003430034	0.06943506925	-25.377087324	-2.58893094643	0.715114481858
11.733216	0.577955	-0.00228668953356	0.0384691721574	-25.4643537866	-2.5452972788	4.52097799546
11.766549	0.5781265	-0.000714590479238	0.0202469327144	-25.5516202492	-2.31258438474	9.24800592636
11.799882	0.577955	-0.000428754287543	-0.00619317941852	-25.6214334193	-1.94897048777	14.0962397016
11.833215	0.5781265	-0.00100042667093	-0.0363253792817	-25.6912465894	-1.3090100291	16.4597536671
11.866548	0.577955	-0.00371587049204	-0.0408511642414	-25.7086998819	-0.669049570427	12.9205430111
11.899881	0.5777835	-0.00400170668373	-0.0262019129245	-25.7261531744	-0.334524785214	5.15124838624
11.933214	0.5777835	-0.00643131431314	0.0332287895725	-25.7261531744	-0.24725744994	-5.10276604849
11.966547	0.577269	-0.00471629716297	0.175671916199	-25.7261531744	-0.683594126306	-14.3628925593
11.99988	0.577269	0.00371587049204	0.33669458108	-25.7610597594	-1.43991103201	-16.2658243161
12.033213	0.5770975	0.0230098134315	0.323117226201	-25.8308729295	-1.97805959952	-11.284264112
12.066546	0.578984	0.034729097291	0.0601453001222	-25.9006860996	-2.23986160534	-4.19372221563
12.099879	0.5801845	0.0270115201152	-0.190797565932	-25.9879525622	-2.22531704946	1.70900240579
12.133212	0.5812135	0.00700298669653	-0.0507364313902	-26.0577657323	-1.96351504364	2.61804623866
12.166545	0.579327	0.021580632473	0.143038624647	-26.1101256098	-1.91988137601	-0.569667468595
12.199878	0.5829285	0.0285836191695	0.00702687664794	-26.1799387799	-2.05078237892	-2.99378435624
12.233211	0.581385	0.0294411277446	-0.321449831742	-26.24975195	-2.15259427007	-4.38765156663
12.266544	0.585844	0.00485921525882	-0.567033215608	-26.3195651201	-2.35621805237	-4.89671611304
12.299877	0.582071	-0.0288694553612	-0.254039455764	-26.4068315827	-2.5452972788	-3.3937636427
12.33321	0.582071	-0.0138630552972	0.13291515829	-26.4940980453	-2.60347550231	-1.078732015
12.366543	0.5815565	-0.00671715050484	0.184127988097	-26.5813645079	-2.60347550231	1.078732015
12.399876	0.581728	0.000714590479238	0.131843261852	-26.6686309705	-2.5452972788	3.3937636427
12.433209	0.581728	0.00200085334187	0.106713245365	-26.7558974331	-2.35621805237	4.92095728192
12.466542	0.5818995	0.00200085334187	0.43530905336	-26.8257106032	-2.15259427007	4.56946033321
12.499875	0.5818995	0.00328711620449	1.9696692543	-26.8955237732	-2.05078237892	3.9028281891
12.533208	0.5818995	0.0726023926906	5.08519580063	-26.9653369433	-1.89079226425	3.09074903174
12.566541	0.5818995	0.288408717421	8.69617670044	-27.0176968209	-1.83261404073	1.89081117236
12.599874	0.585158	0.869656613233	6.11493097856	-27.087509991	-1.7889803731	1.11509376832
12.633207	0.6590745	0.935113101131	-2.7178529679	-27.1398698685	-1.70171303782	-1.06661143056
12.66654	0.667135	0.468342600093	-5.97880013096	-27.1922297461	-1.84715859661	-3.34528130495
12.699873	0.6751955	0.333570835708	-3.50486315247	-27.2620429162	-2.02169326716	-2.9816637718
12.733206	0.686343	0.287551208845	-1.47183290873	-27.3318560862	-2.07987149067	-1.4908318859
12.766539	0.695261	0.274116907836	-0.37325815957	-27.4016692563	-2.09441604655	-0.5090645464
12.799872	0.7040075	0.27397398974	0.0234626220279	-27.4714824264	-2.09441604655	-0.193929351008
12.833205	0.7129255	0.287122454558	0.00202469327143	-27.5412955965	-2.09441604655	-0.521185130846
12.866538	0.7239015	0.281977403107	-0.249990069221	-27.6111087666	-2.10896060243	-1.57567597697
12.899871	0.732305	0.261397197305	-0.269641503914	-27.6809219366	-2.16713882595	-3.40588422714
12.933204	0.7407085	0.256109227759	-0.0716979617298	-27.7507351067	-2.35621805237	-4.50885741101
12.966537	0.749112	0.259253425868	0.0624081926021	-27.8380015693	-2.5452972788	-3.3937636427
12.99987	0.7578585	0.266828084948	-0.00952796833619	-27.9252680319	-2.60347550231	-1.47871130146
13.033203	0.7671195	0.265827658277	-0.296200715651	-28.0125344945	-2.61802005819	1.460327955E-012
13.066536	0.776209	0.247105387721	-0.583945359404	-28.0998009571	-2.60347550231	1.47871130146
13.099869	0.7839265	0.217807178072	-0.629798707022	-28.1870674197	-2.5452972788	3.3937636427
13.133202	0.7901005	0.202514941816	-0.570129805317	-28.2743338823	-2.35621805237	4.50885741102
13.166535	0.7976465	0.183649753164	-0.580848769695	-28.3441470524	-2.16713882595	3.40588422714
13.199868	0.80262	0.158924922583	-0.482948895041	-28.4139602225	-2.10896060243	1.57567597696
13.233201	0.807422	0.153636953036	-0.443050527633	-28.4837733925	-2.09441604655	0.509064546403
13.266534	0.8134245	0.13491468248	-0.528325844242	-28.5535865626	-2.09441604655	0.096964675508
13.299867	0.816683	0.111190278569	-0.4449561213	-28.6233997327	-2.09441604655	0.0121205844439
13.3332	0.820113	0.104330209969	-0.351939330418	-28.6932129028	-2.09441604655	3.59197747878E-012
13.366533	0.8237145	0.0954692880262	-0.444360623279	-28.7630260729	-2.09441604655	-3.31663941529E-012
13.399866	0.826973	0.0747461641283	-0.536543716932	-28.8328392429	-2.09441604655	-0.0121205844429
13.433199	0.828688	0.0533084497512	-0.454960488053	-28.902652413	-2.09441604655	-0.0969646755058
13.466532	0.8302315	0.0415891658917	-0.300011902986	-28.9724655831	-2.09441604655	-0.496943961963
13.499865	0.8312605	0.0350149334827	-0.216761279648	-29.0422787532	-2.10896060243	-1.50295247034
13.533198	0.832118	0.0381591315913	-0.423279993335	-29.1120919233	-2.16713882595	-3.09074903175
13.566531	0.8350335	0.00986134861349	-0.705665154899	-29.1819050933	-2.34167349649	-3.93918994242
13.599864	0.8329755	-0.0241531581982	-0.604668690536	-29.2691715559	-2.50166361116	-3.06650786286
13.633197	0.8322895	-0.0310132267989	-0.47782761206	-29.3564380185	-2.48711905528	-3.45436656489
13.66653	0.8312605	-0.0463054630546	-0.580729670091	-29.4262511886	-2.67619828171	-4.96943961966
13.699863	0.8295455	-0.0693152764861	-0.706141553316	-29.5309709437	-2.95254484341	-3.09074903175
13.733196	0.8268015	-0.0983276499432	-0.708642645004	-29.6356906989	-2.90891117577	-0.484823377532
13.766529	0.8226855	-0.11976536432	-0.60252489766	-29.7229571615	-2.89436661989	-0.193929351014
13.799862	0.818741	-0.137058453918	-0.531065135138	-29.8276769166	-2.89436661989	-0.909043832868
13.833195	0.813596	-0.155066133995	-0.497598146358	-29.9149433792	-2.93800028753	-2.19382578332
13.866528	0.8079365	-0.16349830165	-0.656596117968	-30.0196631343	-3.08344584632	-2.24230812107
13.899861	0.8034775	-0.193368183682	-0.941363271616	-30.1243828894	-3.12707951395	-1.13933493719
13.933194	0.7955885	-0.236672366724	-0.951844036786	-30.2291026445	-3.14162406983	-0.339376364267
13.966527	0.7870135	-0.264112641126	-0.760450972832	-30.3338223997	-3.14162406983	0.339376364267
13.99986	0.777581	-0.280976976436	-0.688038413477	-30.4385421548	-3.12707951395	1.13933493719
14.033193	0.7688345	-0.308131414647	-0.651474834987	-30.5432619099	-3.08344584632	2.24230812107
14.066526	0.757001	-0.332999163325	-0.421969897689	-30.647981665	-2.93800028753	2.16958461444
14.099859	0.745682	-0.3338566719	-0.261066332412	-30.7352481276	-2.89436661989	0.727235066295
14.133192	0.735049	-0.341002576692	-0.336813680684	-30.8399678827	-2.89436661989	-0.727235066291
14.166525	0.723387	-0.358867338673	-0.345150652979	-30.9272343453	-2.93800028753	-2.18170519888
14.199858	0.7108675	-0.370014950149	-0.166263047467	-31.0319541005	-3.08344584631	-2.3150316277
14.233191	0.698691	-0.376160428271	0.198777239414	-31.1366738556	-3.12707951395	-1.46659071703
14.266524	0.684971	-0.359153174865	0.630036906231	-31.2413936107	-3.15616862571	-0.969646755061
14.299857	0.6741665	-0.323280732807	0.781769801984	-31.3461133658	-3.18525773747	-0.242411688763
14.33319	0.664391	-0.306988069881	0.862042935217	-31.4508331209	-3.25798051686	2.79985500523
14.366523	0.6525575	-0.267828511618	0.984715527545	-31.5730061686	-3.05435673456	7.21174774074
14.399856	0.646555	-0.226382263823	0.814403093536	-31.6602726312	-2.67619828171	8.86014722433
14.433189	0.640038	-0.239101974353	1.20624079136	-31.7475390938	-2.38530716413	8.36320326236
14.466522	0.6264895	-0.155494888282	1.7089602207	-31.8173522639	-2.13804971419	8.49652969118
14.499855	0.6288905	-0.0590251735851	0.588471144364	-31.8871654339	-1.93442593189	11.7206051518
14.533188	0.629062	-0.1239099891	-0.278693073834	-31.956978604	-1.42536647613	16.3627889916
14.566521	0.618772	-0.145204785381	0.628012212959	-31.9918851891	-0.669049570427	15.9264479518
14.599854	0.616371	-0.0861796117961	1.75004958415	-31.9918851891	-0.174534670546	9.96312040821
14.633187	0.6127695	-0.00585964192975	2.19298101218	-31.9918851891	-0.0290891117577	4.07251637124
14.66652	0.6148275	0.0990422404224	1.37941161587	-31.9918851891	0	0.678752728541
14.699853	0.622202	0.11805034717	-0.371709864716	-31.9918851891	-0.0145445558788	-1.56355539253
14.733186	0.625632	0.0508788421218	-1.5105402801	-31.9918851891	-0.0727227793942	-4.50885741101
14.766519	0.624946	-0.0162926629266	-1.55365433682	-31.9918851891	-0.290891117577	-8.26623858686
14.799852	0.62426	-0.0674573412401	-0.917781549984	-32.0093384816	-0.610871346911	-12.2781520359
14.833185	0.62083	-0.109904015707	0.528063825113	-32.0267917741	-1.11993080267	-15.3931422365
14.866518	0.6117405	-0.0164355810225	1.3337250077	-32.0791516517	-1.75989126134	-14.3325910982
14.899851	0.6199725	0.0611689450228	-0.171956008547	-32.1489648217	-2.22531704946	-8.47834881453
14.933184	0.6213445	-0.0070315703157	-2.30600653657	-32.2362312843	-2.39985172001	-0.614513631022
14.966517	0.6216875	-0.136772617726	-3.48779617919	-32.3234977469	-2.17441110389	5.12094692514
14.99985	0.6086535	-0.277832778328	-4.03495167085	-32.3758576245	-1.86170315249	7.98746514477
